# 2-parameter EM
[1] 4.000 0.175
[2] 0.61410432 0.01572012
[3] 0.66418901 0.01580788
[4] 0.67786674 0.01540159
[5] 0.6802515 0.0151099
[6] 0.66261679 0.01440117
[7] 0.67672187 0.01470908
[8] 0.64804459 0.01378504
[9] 0.64298351 0.01367869
[10] 0.66463555 0.01443073
[11] 0.6061760 0.0126274
[12] 0.63009572 0.01340433
[13] 0.57829838 0.01180087
[14] 0.59761875 0.01244877
[15] 0.66428790 0.01443353
[16] 0.60447426 0.01259195
[17] 0.66143026 0.01433572
[18] 0.67228167 0.01459894

# Normal EM
[1] 4.000 0.175 1.000
[2] 0.80496535 0.02118021 0.13609343
[3] 0.78316519 0.01863964 0.08037078
[4] 0.68535277 0.01556334 0.07526263
[5] 0.61612663 0.01368980 0.07130458
[6] 0.58118100 0.01291070 0.06619845
[7] 0.58399168 0.01326890 0.06221437
[8] 0.53130432 0.01180094 0.05756842
[9] 0.56069807 0.01302425 0.05325567
[10] 0.54295777 0.01261874 0.04982255
[11] 0.52116701 0.01211617 0.04586910
[12] 0.52953621 0.01259804 0.04268460
[13] 0.52949250 0.01275762 0.03998367
[14] 0.50553528 0.01202747 0.03742927
[15] 0.50387036 0.01214381 0.03446966
[16] 0.48205283 0.01146950 0.03267691
[17] 0.48754947 0.01178315 0.03065281
[18] 0.47823755 0.01153877 0.02898919


[1] 0.47279440 0.01143958 0.02703288
[1] 0.46423742 0.01120877 0.02535178
[1] 0.45533191 0.01098503 0.02333192
[1] 0.44837449 0.01084377 0.02145748
[1] 0.44304939 0.01068912 0.02024919
[1] 0.43537882 0.01050608 0.01815987
[1] 0.42909398 0.01032281 0.01681896
[1] 0.42377890 0.01019133 0.01558241
[1] 0.41926493 0.01009097 0.01396222
[1] 0.413881762 0.009950433 0.012658632
[1] 0.408862347 0.009804736 0.011534011
[1] 0.406199105 0.009753284 0.010480372



