
# EM importance sampling
[1] 4.000 0.175 1.000
[2] 0.77542566 0.02035957 0.12797884
[3] 0.81229096 0.01975219 0.07757887
[4] 0.70360664 0.01628606 0.07320255
[5] 0.64063019 0.01451470 0.07017693
[6] 0.63673532 0.01475990 0.06460678
[7] 0.61249226 0.01419698 0.06205747
[8] 0.62112464 0.01471379 0.05867274
[9] 0.60045794 0.01418872 0.05521279
[10] 0.58915955 0.01388282 0.05351955
[11] 0.58109089 0.01371724 0.05196405
[12] 0.57575333 0.01364843 0.05158740
[13] 0.58255931 0.01400906 0.04938219
[14] 0.56856939 0.01362074 0.04702019
[15] 0.55263750 0.01329230 0.04473699
[16] 0.54107344 0.01298257 0.04242969
[17] 0.52798424 0.01270776 0.03937086
[18] 0.52217453 0.01253809 0.03858375
[19] 0.51131784 0.01233452 0.03559751
[20] 0.50173450 0.01212386 0.03392422
[21] 0.48446355 0.01162365 0.03072902
[22] 0.47779355 0.01150633 0.02863567
[23] 0.46613038 0.01122815 0.02628645
[24] 0.45404646 0.01096793 0.02294784
[25] 0.44762333 0.01080530 0.02073436
[26] 0.43273550 0.01040486 0.01787279
[27] 0.42712004 0.01027565 0.01602759
[28] 0.41938859 0.01011403 0.01409743
[29] 0.412987389 0.009923986 0.012305398
[30] 0.408485978 0.009805643 0.011518761


## impo samp 2 pars EM 
[1] 4.000 0.175
[1] 0.60948799 0.01559323
[1] 0.70158233 0.01702094
[1] 0.72800603 0.01690813
[1] 0.76412586 0.01757444
[1] 0.73373984 0.01629313
[1] 0.69396360 0.01507419
[1] 0.67904861 0.01471671
[1] 0.68864433 0.01491086
[1] 0.69417888 0.01507487
[1] 0.7101238 0.0154230
[1] 0.70817552 0.01536919
[1] 0.69878373 0.01517851
[1] 0.68999567 0.01496496
[1] 0.65858882 0.01400122
[1] 0.65439916 0.01391029
[1] 0.71337583 0.01565578
[1] 0.74779930 0.01680823
[1] 0.73439255 0.01628775
[1] 0.73327630 0.01626904
[1] 0.67679817 0.01439044
[1] 0.71314458 0.01564324
[1] 0.6976907 0.0151514
[1] 0.62830441 0.01307996
[1] 0.68195226 0.01474534
[1] 0.65526573 0.01392613
[1] 0.68317503 0.01483256
[1] 0.67747669 0.01469756
[1] 0.70581872 0.01552514
[1] 0.66883695 0.01422124
